time,x,y,z,phi,theta,psi,x_velocity,y_velocity,z_velocity,phi_velocity,theta_velocity,psi_velocity,rotor_speed1,rotor_speed2,rotor_speed3,rotor_speed4
0.06,3.4693667855373776e-08,1.5909726054464248e-06,0.40139771378913225,0.0011135501567389738,6.283130929184765,0.0,3.651566497131958e-06,0.00011879514089230588,5.046386671651562,0.04139627613335073,-0.002783630363100314,0.0,443.34777817591316,443.11899549237665,441.8434122503751,445.2436593252121
0.12000000000000001,2.096063349736464e-06,4.420074378865635e-05,0.7086944601866753,0.004072776030887404,6.283017813564513,0.0,8.025178369378742e-05,0.0016015949400939662,5.196168910314383,0.06172160157271829,-0.00014633749062345752,0.0,475.25572782827885,475.4578900907974,474.51666705045824,476.0758792986911
0.18,9.957738448208602e-06,0.0002330421459402801,1.022321619277009,0.0075717105967472165,8.26547575378811e-05,0.0,0.0001690288059732454,0.005039383857706867,5.257786648722108,0.05044747960377016,0.011642446420394553,0.0,449.1570781422751,450.1122180678315,450.820232322248,449.9105018223364
0.23999999999999996,1.633193987058765e-05,0.0006834427006317123,1.3382383131876432,0.011305207465028388,0.0006328546222693632,0.0,-1.2834565170665536e-05,0.01028145713006346,5.272698796189888,0.07898492943881841,0.0036992448970606974,0.0,436.40920588870796,435.74546406401544,434.3787958939857,436.7684435751531
0.3,3.3457863911642508e-06,0.0015213345896293994,1.655096789668148,0.01574396235920439,0.0004909933632522012,0.0,-0.00042731176498533413,0.018060586109722894,5.289169688809748,0.06139649769985552,-0.01865753301626994,0.0,437.3135304072178,435.44703589392464,437.31282441755707,435.84934693557074
0.36000000000000004,-2.7674307898140956e-05,0.002917601209220014,1.9737529865465597,0.020378653426113225,6.2825544216165135,0.0,-0.0005017367950741516,0.028877595385323685,5.332495999122932,0.09785254484152033,-0.01877899742103944,0.0,445.7033876990645,445.6935145937459,443.18172989160564,446.1729015095598
0.4200000000000001,-4.261909083850789e-05,0.005036648574568071,2.2940585350315046,0.02595376940525629,6.2810802825280305,0.0,0.00011591427620176131,0.04226675525632829,5.344289966505331,0.08057006349319686,-0.039845265630129384,0.0,436.1749447340793,434.4115738906741,436.6253401331124,435.1882238922801
0.48000000000000015,5.979750697119507e-06,0.008012387732195073,2.6134489349909313,0.030545977975632077,6.278220387958644,0.0,0.0017103070398070963,0.05731245638101351,5.302242106567587,0.06692380819282577,-0.07181227812419333,0.0,419.04270648917964,416.2521831577059,419.0712624100663,417.8881636300428
0.5400000000000001,0.0002089644391990047,0.011996337361799104,2.931358093937705,0.03457985746725445,6.274056507081896,0.0,0.00542038451051811,0.07583325377829515,5.294750960640464,0.06783906771363044,-0.06496285328342159,0.0,428.9906150452509,429.5680648961785,428.8732918121239,428.9545960774463
0.6000000000000002,0.0007334673052034218,0.017263584804064553,3.2516296338679225,0.03998185956945832,6.269685424814506,0.0,0.012463128738550298,0.10021887757772824,5.380544444169526,0.11548417353676961,-0.09736512011219842,0.0,459.94241632413343,457.3641973656832,456.4976990299981,460.2901088412311
0.6600000000000003,0.0017897773083891911,0.02414973548148569,3.577965358708725,0.04664896531215135,6.263974892540304,0.0,0.023341371494137737,0.13000689570710522,5.496722185553168,0.10053296412219015,-0.09112408946644397,0.0,468.2049494382519,468.68311698175,469.31778788375635,468.1658504518538
0.7200000000000003,0.003604978104234242,0.03293428772155715,3.9107030028768164,0.05308718136632784,6.25972269951189,0.0,0.03763268532039512,0.16342382727544613,5.594018266879807,0.11822609885044875,-0.046771591721260775,0.0,462.5957214307746,466.07123090035986,463.178304015055,464.5773387142165
0.7800000000000004,0.006276906285465438,0.043678832187505436,4.2459435244085935,0.05972475918647291,6.2571912632154,0.0,0.05165973577234235,0.19532209473728138,5.580688072442376,0.0876573932521649,-0.034322513350112674,0.0,430.17322774449474,431.2252505606582,431.5082278312056,428.93023930422083
0.8400000000000004,0.009960290699213913,0.05674050329254809,4.585227515772511,0.0650023140903997,6.2550777791791425,0.0,0.0713280372102913,0.24059600557599184,5.728001298577774,0.08855582243992759,-0.03709273040601958,0.0,480.87525149604636,480.6648925607461,479.18003074727517,479.25413985461444
0.9000000000000005,0.014893324232823692,0.07268787125394272,4.934132125817215,0.06983339411603051,6.25325096696751,0.0,0.09330723497147793,0.2915063853459727,5.901216402103763,0.05516329674949773,-0.019683027800174398,0.0,488.1590403271399,489.456379305495,490.4965327809661,488.01419054618077
0.9600000000000005,0.021024654447821065,0.09142190638366214,5.288180749157471,0.0729716995083809,6.251665854889875,0.0,0.11118633242752365,0.33324277175289474,5.900369548785735,0.04587149045935105,-0.04539684192011246,0.0,439.4867911455805,437.349594733329,438.1682472288069,437.3967450319123
1.0200000000000005,0.028230007538524327,0.11264108113358637,5.641186196438987,0.07552904336423083,6.249129539324333,0.0,0.12921355538175497,0.3742941288829255,5.866612386010928,0.035172306999929064,-0.036659882727790125,0.0,427.7525107535406,428.49498594493645,427.28827065437343,426.3760444579629
1.0800000000000005,0.03665711256928369,0.13658323417519577,5.99502982513651,0.0784135937161139,6.246719498087092,0.0,0.1518998147737201,0.42400005292661386,5.9278122650368115,0.06597159745438165,-0.04831159231055045,0.0,458.1588372437034,457.23052177471806,455.8902510102296,458.3462540164816
1.1400000000000006,0.046595991181783446,0.1637856323646389,6.3552639132262625,0.08218408425302837,6.243343970916428,0.0,0.17970058434810413,0.48310513100763025,6.079126663969147,0.05570632706773719,-0.08110622484474703,0.0,485.6857038545898,483.21716753673235,486.09145267177,485.3239200703231
1.2000000000000006,0.05803714761010337,0.19411069236143905,6.718478580364756,0.08603057985339557,6.238843972043419,0.0,0.20205402932761196,0.5280389482649792,6.02823534229502,0.07709363747313817,-0.06496494442064019,0.0,423.9878096236317,425.36782067652075,422.8037199897099,424.6458754361607
1.2600000000000007,0.07093478551546592,0.22728552949737255,7.079648697146939,0.09069008339969908,6.235782610201884,0.0,0.2281581826750793,0.5781860467473118,6.010784024964031,0.07876398474858044,-0.032130741836944955,0.0,433.4981400983881,436.24697788814734,434.5432537163787,434.6882229167394
1.3200000000000007,0.0855778504285191,0.2638026760780989,7.442520460531697,0.09577315617459625,6.234365564331025,0.0,0.2600847655227638,0.6394948618936915,6.084462763662995,0.09454379309953255,-0.010493886360109544,0.0,462.3584872218554,464.06023331299974,462.85650122630045,464.1024155727516
1.3800000000000008,0.10211290362317563,0.30400822821621376,7.808833205264691,0.10147505136838486,6.233877453243945,0.0,0.29112315964595165,0.7011944881831935,6.125646540898923,0.09598904376241624,-0.0037919774618249756,0.0,453.3083112349522,453.8467688579612,455.0366010361724,455.15974662996433
1.4400000000000008,0.1203496614863604,0.3476741360397702,8.174209826308944,0.1070315624235807,6.233256584951619,0.0,0.3168145758459021,0.7548043223581028,6.053870621538494,0.08481183391170226,-0.028579279666718853,0.0,420.14550747841156,417.99045705006034,418.32686353680845,417.3599961506221
1.5000000000000009,0.1402653230820004,0.39490593999530726,8.537719064644095,0.11176710240780796,6.231944572825231,0.0,0.34716824978593064,0.8200146970375101,6.062952842815795,0.0633086860099536,-0.01101436135011142,0.0,443.75877738403597,445.19853954093793,445.03187812241765,443.27277112007374
1.560000000000001,0.16195545030287806,0.4459847119411419,8.900468914603701,0.11596400570629761,6.2316152904755615,0.0,0.37588175623220577,0.8829536599816211,6.028800921740719,0.08070096456526957,0.003748740014909108,0.0,429.14712668440075,430.3987867899155,430.79439519445253,432.2666584446472
1.620000000000001,0.18578019744466973,0.5018370234238476,9.269043233951054,0.12059157180617319,6.232167559256268,0.0,0.41815942414745216,0.9792088869410578,6.255658540036957,0.06880087442744802,0.018341625475546006,0.0,508.29453520556865,509.33931423127245,509.77613761527357,508.92879666183694
1.680000000000001,0.2118490957596837,0.5629193850585346,9.645846273774945,0.12434008270930974,6.23301102201998,0.0,0.4506912737860811,1.0572016069780155,6.304070780129424,0.04518210026101765,0.0037048040182411195,0.0,460.61168696493274,459.45234161294076,460.006851811054,458.13487906246473
1.740000000000001,0.23952780085662592,0.6279321141146974,10.01905282707189,0.12700334568795135,6.2335262856004015,0.0,0.4719500656806431,1.110160034379862,6.136994970948474,0.04275016199265995,0.016902261807794573,0.0,387.4012039747526,388.64042695694224,388.78792804936,388.56136826872057
1.8000000000000012,0.2688131863291541,0.6970265510994048,10.389037029743037,0.129543731404965,6.23444444383432,0.0,0.5041142958470313,1.1931756846395385,6.195401222599428,0.041506300919647125,0.011894538747096057,0.0,461.81154956888355,461.41618902617535,461.7753294340652,461.67807725527626
1.8600000000000012,0.29994968695243257,0.7709873210363957,10.761281377478989,0.13181534991880817,6.235617728876553,0.0,0.5336699591800791,1.2723677101065487,6.212559524436529,0.02933594259706551,0.03162889460286342,0.0,448.93767435240403,450.5363955434569,450.1367226369574,449.1512067496135
1.9200000000000013,0.3330377491204058,0.8503088465904274,11.138850387797824,0.13422350770490254,6.2381997140401495,0.0,0.5689581806046539,1.3717822201719785,6.372093890676784,0.05586629493752405,0.059406600755726305,0.0,491.59087133677997,493.6460439581085,492.1715986658176,494.1322395108604
1.9800000000000013,0.3679461986431341,0.9349525229206419,11.520822339288745,0.13714763893599802,6.242020395903829,0.0,0.5943314392963953,1.4499367325439418,6.3602800285912755,0.028016493098545876,0.07108139750745775,0.0,443.0065232875263,443.9686174020774,443.5341659565633,441.241786267306
2.0400000000000014,0.4046514432737174,1.0254970778664865,11.910530515384087,0.13898543369049854,6.246422170949776,0.0,0.6285488437097707,1.5682012941797416,6.6283646200866855,0.03540146005555388,0.07757247835086535,0.0,525.5431044861443,525.9961638700136,524.0439618822185,524.5572916229759
2.1000000000000014,0.44304239104792087,1.122219912300186,12.309449774659534,0.1409360679464866,6.251422887644642,0.0,0.650673920777787,1.65602494804612,6.668626739911664,0.025992197307603906,0.09292115445748,0.0,462.5737931191932,463.7864535922526,462.5755634280353,461.8341797002825
2.1600000000000015,0.48267685738149047,1.2243182921254343,12.711307968671967,0.14245393825558494,6.25721931896765,0.0,0.6699016645168964,1.7473248301563848,6.726233295643405,0.023871833457502864,0.10310913717493979,0.0,468.43034352132145,469.2295036442755,468.4788988081283,468.3140331992282
2.2200000000000015,0.5233393570156207,1.3318746060390894,13.116307659207363,0.14348233687692158,6.263370334371157,0.0,0.6849080183025508,1.8379351714091228,6.773408132430751,-0.0018264322399443797,0.10130639380076349,0.0,465.9468239628866,465.81442232561915,467.6685480583758,465.6620472391161
2.2800000000000016,0.5648365325141977,1.445298508316956,13.527058440412224,0.14310399706637433,6.268950287261475,0.0,0.6976519592174835,1.9426735947912035,6.917363300675144,-0.017245878295258057,0.06603245641953906,0.0,495.8770913118518,493.284404983463,497.02444387677065,495.89291334750175
2.3400000000000016,0.606943619464615,1.5645957116405569,13.94371946837099,0.1422085431037523,6.273126771335505,0.0,0.7055118029797126,2.033718822538339,6.970970957824979,-0.010644270348841287,0.07593817249079253,0.0,470.5045283351752,471.27436079406186,470.36257180189995,470.8737946763773
2.4000000000000017,0.6494182520088007,1.6890478710425334,14.361610495456468,0.1413402305022542,6.278049488699413,0.0,0.7098888365705162,2.114591304007086,6.958774942204189,-0.023505125259664857,0.09208113372619173,0.0,450.60689089838144,451.91560124991565,451.70902896169844,450.6705173638201
2.4600000000000017,0.69205463097924,1.8179878784954129,14.776383418053133,0.14004356079424518,6.283172826134182,0.0,0.7109144823285891,2.183344154446146,6.867543692729931,-0.018069788433727186,0.06660859037583491,0.0,426.6563145213162,424.4814145830481,425.1978987707316,425.66339847920375
2.520000000000002,0.7346742127538884,1.951690444548255,15.190406134295365,0.1388541863346262,0.0041092366038268935,0.0,0.7093336270572983,2.273191601949305,6.9327830095586895,-0.0235820722921199,0.07257046851047531,0.0,473.6745996654127,474.1362076638268,473.85161371241725,473.4276241529819
2.580000000000002,0.7771277144474674,2.090371583871964,15.605632839661588,0.13723789530266295,0.00798781226458889,0.0,0.7054198881712586,2.3493562333530607,6.908246038437753,-0.03467470766995845,0.03990671814387416,0.0,448.74901715763707,446.09173496047805,446.93784550381474,446.0324096395238
2.640000000000002,0.8192661588211932,2.2338877770815864,16.02159990902519,0.13461489406199156,0.010693739117144219,0.0,0.6989495957409106,2.4342085298766767,6.957013554609209,-0.07607393940340086,0.05385812113954553,0.0,467.9533283389911,469.03940109904727,471.85326790639357,468.6441135656871
2.700000000000002,0.8609869242793385,2.382111354387185,16.43817809655129,0.13012347850736905,0.014093345480888253,0.0,0.6914572734638604,2.5061588169160194,6.92915098087193,-0.07252897302758023,0.061743742527646514,0.0,446.1329676368422,446.7787081173075,445.7886418846855,446.0739275401786
2.760000000000002,0.9022117601701458,2.5344423476653777,16.85216303239234,0.12554474515425706,0.017298948114953028,0.0,0.6824114575504834,2.5711714056991943,6.870764174255692,-0.08521482596482212,0.026378281638515882,0.0,436.9180905439194,433.960445908913,436.88574414822773,435.82162903928963
2.820000000000002,0.9427758587704679,2.6910980163219347,17.26675058849096,0.12006782136837835,0.01862778533975984,0.0,0.6695875526097065,2.6500325476997273,6.948411096653473,-0.10757053685675719,0.01195182118867949,0.0,478.19272987961403,477.09222614136365,477.7289844563697,476.01423319152445
2.880000000000002,0.9826427279989489,2.8517498072659784,17.68093887544834,0.11411082762654967,0.019626381359865164,0.0,0.659233938895782,2.7045613295809576,6.858514004716351,-0.08644055977611836,0.02467642925640484,0.0,424.69436012795074,425.7846381624853,424.87104210989355,426.6701182135597
2.940000000000002,1.0218058149150246,3.0159428328703206,18.093011615624565,0.10854325208506932,0.021546630723195292,0.0,0.6460476766758129,2.767972858144269,6.877211150545575,-0.11018369398709198,0.04365561017734066,0.0,458.48818681839884,459.9943235196021,459.52588578962747,457.6320816457024
3.000000000000002,1.0601062105228094,3.1839754209381503,18.507673823178607,0.10137220294734384,0.02463561866560582,0.0,0.6303562594568924,2.8323343740748848,6.9445673187639345,-0.1545812297128619,0.06376395550870763,0.0,472.68043882817,474.22938883325844,475.65510770015777,472.2286096219107
3.0600000000000023,1.09748313313748,3.3553715548398717,18.923113380384674,0.09220052367656972,0.028195821473362415,0.0,0.6152258991212155,2.8800548770315912,6.903848824358333,-0.14962998186602844,0.04856030277493094,0.0,441.8605280589488,440.60745573088235,440.2263528198104,440.6136907888781
3.1200000000000023,1.1338722985050294,3.529533218065954,19.33691315983571,0.08401614812555813,0.031713906406666936,0.0,0.5974599666531373,2.924530534651747,6.889728707585571,-0.11820973054884565,0.07356606472759818,0.0,447.92867909660674,449.9603993291779,446.5530565992278,449.09165971436573
3.1800000000000024,1.169130777068706,3.706206875415395,19.74985547445583,0.07684024961822189,0.03583156221548922,0.0,0.5774472575890879,2.963912577848819,6.875242463142566,-0.12252807083359249,0.056260966220802164,0.0,448.3552289731742,446.9501170799494,448.0855811245228,447.7215152851624
3.2400000000000024,1.2031375418168584,3.8850657584492914,20.161463152351512,0.0690051924426518,0.03881241843348171,0.0,0.5558330109228676,2.997362784546156,6.845339757348053,-0.15601957934632346,0.031358688002532026,0.0,443.72683741322334,441.678703648839,443.5069319598589,440.7300972345157
3.3000000000000025,1.235859863505624,4.065676672767615,20.569821656817012,0.059259477253912785,0.04035416870320496,0.0,0.5347586605313469,3.0222230976010263,6.767262663728004,-0.18002809087320587,0.010875506228833197,0.0,426.363160070142,424.60919234168625,427.6095920360406,425.53186764900425
3.3600000000000025,1.267198769580384,4.247746296770522,20.975959758945727,0.04850984986033957,0.041243651241192225,0.0,0.5098038835225849,3.0457217967513417,6.770855014433938,-0.1774817679845563,0.021739355054945037,0.0,450.0741869030923,450.952719631781,451.1354765553132,451.31062054751646
3.4200000000000026,1.2970846176265964,4.430946304515688,21.380859092304906,0.037788836723291475,0.04217288137880448,0.0,0.4862849301833437,3.060003872876167,6.726251403555387,-0.1811985239148897,-0.0015282601988399064,0.0,436.5400027318129,434.5935227603002,434.9547229270543,434.61163285741185
3.4800000000000026,1.3253405000820722,4.614985518515098,21.788047043486493,0.027011615486237872,0.04186178302911969,0.0,0.4556292613038609,3.073385683480596,6.846161045104751,-0.17664161915318646,-0.013741936598643655,0.0,484.5806682413539,483.6615560738416,484.9046541677125,485.21871915953636
3.5400000000000027,1.3519423400627342,4.799475754610616,22.198266394036942,0.01620592438773727,0.04079980294633945,0.0,0.4311749933993814,3.07530178251659,6.828111935437548,-0.1880800977676749,-0.027101961684654986,0.0,444.136979823753,443.03963370834185,444.56021422373044,443.59017217584983
3.6000000000000028,1.3772571633834345,4.983820843050566,22.60351620507108,0.004871295523051877,0.03913085729993604,0.0,0.4127277666731723,3.0687199936903453,6.6812728999671425,-0.19062240452011917,-0.029282761653488427,0.0,400.4116960123282,400.2129008902004,400.33910365974293,400.0685980660008
3.660000000000003,1.4013808722605414,5.167611887986713,23.002750983602812,6.277089996279306,0.03749090733314109,0.0,0.39152026235907117,3.0566868503331186,6.627041639652818,-0.1704854322204912,-0.023692920898738413,0.0,429.8484271868059,430.3217807992897,427.69178475958915,429.3697769150979
3.720000000000003,1.4240643642360513,5.350452853266138,23.403957691672417,6.26731122700077,0.036235087017407075,0.0,0.36476343178071546,3.0369107490244414,6.74597003887154,-0.15111271229065118,-0.015910358910747477,0.0,481.7819952785291,482.37022825119703,480.7549564384105,482.197527600877
3.780000000000003,1.445348009855902,5.531979392871441,23.807335164045593,6.258347837027912,0.035167140129993335,0.0,0.34476449561951694,3.0131948789978114,6.700337429307056,-0.1461531481777486,-0.02187260396782573,0.0,432.92036612484486,432.4183251556114,431.71727904070286,432.1139668750174
3.840000000000003,1.4655105319556518,5.711973861103611,24.206283226679666,6.24953876622634,0.033652785003737584,0.0,0.3274025304701585,2.985929954240949,6.598631087189565,-0.14817982584186148,-0.03300412544676305,0.0,413.70196383573807,412.72020767387227,412.4666431653011,412.2655312955473
3.900000000000003,1.4845043081511848,5.890035462712408,24.603690220275865,6.2405095205351735,0.031800408125040036,0.0,0.3059160579481897,2.9485844502037635,6.6480894480112775,-0.1555490600668473,-0.026919806427123064,0.0,459.8502835664506,460.33181151208385,460.2479225194804,459.6436496953656
3.960000000000003,1.5023281946319635,6.06579361860534,25.00140529937626,6.231033382103568,0.030151912411371384,0.0,0.28834114036027997,2.9092106845453136,6.609401650711766,-0.1631884327729156,-0.02860877462704525,0.0,432.08331143623275,431.9406560872171,433.55897545697354,432.8920642065451
4.020000000000002,1.5189239245428616,6.238660966028359,25.403556883473932,6.221031095887298,0.02800963950995783,0.0,0.2650966202014175,2.8519258854351475,6.794677992681029,-0.17486231927377857,-0.05626626803937247,0.0,500.3719680252026,498.3534996348184,500.2595164919392,499.38525750878574
4.080000000000001,1.534203561341441,6.407899094499928,25.816063998209042,6.2108973206033316,0.0248803124846404,0.0,0.24461291616924055,2.788231561801533,6.954703559153142,-0.1590599388655025,-0.04499519966334935,0.0,493.33962257580697,494.16981587972106,494.2570354087104,495.39620165725455
4.14,1.5484161259491136,6.573368835420114,26.234364902347814,6.2013123669415755,0.02176111658546631,0.0,0.2294098335660614,2.7265393539064497,6.988528468706729,-0.16116279488970386,-0.07207215051632189,0.0,459.9404357223293,457.78853717849546,458.5712897842896,458.3807908853214
4.199999999999998,1.5617898088891382,6.734987564630871,26.65430638749328,6.191210953455826,0.017225400159977866,0.0,0.2167866216301923,2.659858911469929,7.009455033254799,-0.18932990155151277,-0.08377910006111484,0.0,455.42709293615013,454.4851169517577,456.12388208192255,453.8409985657327
4.259999999999997,1.5744555932656688,6.892198661400326,27.077762057604573,6.179561993851678,0.012339254540472133,0.0,0.20592343995563794,2.5793736666553357,7.105209503070211,-0.20611871427183343,-0.07712125240068032,0.0,477.2271649416576,477.73032476990534,478.6901521322155,477.3763495489042
4.319999999999996,1.586611753143576,7.044725720923885,27.503262618720107,6.167227136711437,0.008524563409253005,0.0,0.19962916027861677,2.5037872142915094,7.0783504220855,-0.20452834898247255,-0.045065668301541933,0.0,439.7339990290697,442.37875044998503,441.13968966179266,441.2291697112276
4.379999999999995,1.5984443659467402,7.192424094746252,27.927839206213562,6.154900441542267,0.006261130200416076,0.0,0.19500653865835804,2.418404552338693,7.0742468480455765,-0.20734071648132835,-0.026055142097684607,0.0,446.79192337705194,448.33879889966636,448.47732497855105,448.20770186834983
4.439999999999993,1.6100297929733272,7.334643240662223,28.3532099708135,6.142586216440403,0.005169851661614544,0.0,0.1912956212974954,2.3211114613524444,7.104588265440227,-0.2013371219835019,-0.00585501588777356,0.0,457.4255492637804,459.03176037271186,458.86712695992617,459.3036609842425
4.499999999999992,1.621423848196185,7.4711969624261085,28.777607057056077,6.1302727514615505,0.004591694495358567,0.0,0.18853989109100872,2.2296768981886883,7.042331378687336,-0.21440744622376598,-0.018538438648613133,0.0,429.73770011450824,428.6610610868023,430.340406666117,429.18910719640803
4.559999999999991,1.632636557415582,7.601136082348632,29.20422269432426,6.117736121930777,0.004167211251813185,0.0,0.185297183194765,2.1003967150531127,7.177304240254757,-0.19980959524848213,0.009364826965757057,0.0,489.01419215878184,491.08881857842266,489.0733565301369,490.12088302033845
4.6199999999999894,1.6436833616805842,7.724032822904787,29.633116058988772,6.105889603195449,0.004477413679811804,0.0,0.1828913157415326,1.9951889351587555,7.1194145700974,-0.19309044538952436,-0.00492066912974379,0.0,432.6014027570127,431.39644330555467,431.7986598665669,432.3259007973802
4.679999999999988,1.6545883843458753,7.840641434561741,30.057388296296924,6.094910790639146,0.004008048839199141,0.0,0.180635024394109,1.8908851659947947,7.02346625046848,-0.16802245048834735,-0.014371323819913722,0.0,419.5064018127669,418.68485593966665,417.1927416454609,419.3410263033537
4.739999999999987,1.6653545911070478,7.950281057516905,30.47880864958995,6.084454010816717,0.003713550669020904,0.0,0.17828629894874176,1.7629403089619395,7.023741034394203,-0.19127818695449883,0.00933506337979192,0.0,448.97258061197243,450.8923779106617,449.83392638545797,447.91678185880426
4.799999999999986,1.6759731164332814,8.051664768473751,30.902191860825827,6.073012453328531,0.0045338242607781964,0.0,0.17559603961616616,1.6155409492980566,7.088472336314591,-0.1895482862068524,0.021175169661158264,0.0,469.45748403078835,470.375383323966,469.68900663227544,469.78992868510437
4.859999999999984,1.6864071409525496,8.143808298816891,31.33027855864014,6.062159195650748,0.005685092456773511,0.0,0.17208119389898294,1.454979606537044,7.180325722231086,-0.16760221461114044,0.014883482709215273,0.0,479.85145358601494,479.373420298816,477.96328694158876,479.6037850486704
4.919999999999983,1.6966110875132423,8.226269159397726,31.763161609619637,6.052845876690245,0.006900987331505348,0.0,0.16794528523249258,1.2929668890162007,7.248475346164747,-0.13785939692083068,0.02929603790428135,0.0,472.8798701672064,473.9889974449136,472.56985698592246,474.835586394776
4.979999999999982,1.706553186772636,8.299299945720808,32.19818967414077,6.044438384408274,0.008826210182825811,0.0,0.16329067277181955,1.1407824112959075,7.252211852942809,-0.1450853872061102,0.03715357615662579,0.0,453.00548087794033,453.6373833003356,456.6665895138491,456.07195538355097
5.0399999999999805,1.7162117063643059,8.36391644833362,32.62995176127147,6.035913899483766,0.011342486378485894,0.0,0.15847868899352002,1.0124492884521137,7.1403049742148506,-0.13665267919702354,0.050106175953818305,0.0,416.801932143838,417.93377102157183,416.33239469682144,417.0494428542175
